192

C	0.0	0.0	0.0
C	1.0	0.0	0.0
C	1.0	1.73205080757	0.0
C	0.0	0.0	1.0
C	1.0	0.0	1.0
C	1.0	1.73205080757	1.0
C	0.0	0.0	2.0
C	1.0	0.0	2.0
C	1.0	1.73205080757	2.0
C	0.0	0.0	3.0
C	1.0	0.0	3.0
C	1.0	1.73205080757	3.0
C	0.0	1.73205080757	0.0
C	1.0	1.73205080757	0.0
C	1.0	3.46410161514	0.0
C	0.0	1.73205080757	1.0
C	1.0	1.73205080757	1.0
C	1.0	3.46410161514	1.0
C	0.0	1.73205080757	2.0
C	1.0	1.73205080757	2.0
C	1.0	3.46410161514	2.0
C	0.0	1.73205080757	3.0
C	1.0	1.73205080757	3.0
C	1.0	3.46410161514	3.0
C	0.0	3.46410161514	0.0
C	1.0	3.46410161514	0.0
C	1.0	5.19615242271	0.0
C	0.0	3.46410161514	1.0
C	1.0	3.46410161514	1.0
C	1.0	5.19615242271	1.0
C	0.0	3.46410161514	2.0
C	1.0	3.46410161514	2.0
C	1.0	5.19615242271	2.0
C	0.0	3.46410161514	3.0
C	1.0	3.46410161514	3.0
C	1.0	5.19615242271	3.0
C	0.0	5.19615242271	0.0
C	1.0	5.19615242271	0.0
C	1.0	6.92820323028	0.0
C	0.0	5.19615242271	1.0
C	1.0	5.19615242271	1.0
C	1.0	6.92820323028	1.0
C	0.0	5.19615242271	2.0
C	1.0	5.19615242271	2.0
C	1.0	6.92820323028	2.0
C	0.0	5.19615242271	3.0
C	1.0	5.19615242271	3.0
C	1.0	6.92820323028	3.0
C	1.5	0.866025403784	0.0
C	2.5	0.866025403784	0.0
C	2.5	2.59807621135	0.0
C	1.5	0.866025403784	1.0
C	2.5	0.866025403784	1.0
C	2.5	2.59807621135	1.0
C	1.5	0.866025403784	2.0
C	2.5	0.866025403784	2.0
C	2.5	2.59807621135	2.0
C	1.5	0.866025403784	3.0
C	2.5	0.866025403784	3.0
C	2.5	2.59807621135	3.0
C	1.5	2.59807621135	0.0
C	2.5	2.59807621135	0.0
C	2.5	4.33012701892	0.0
C	1.5	2.59807621135	1.0
C	2.5	2.59807621135	1.0
C	2.5	4.33012701892	1.0
C	1.5	2.59807621135	2.0
C	2.5	2.59807621135	2.0
C	2.5	4.33012701892	2.0
C	1.5	2.59807621135	3.0
C	2.5	2.59807621135	3.0
C	2.5	4.33012701892	3.0
C	1.5	4.33012701892	0.0
C	2.5	4.33012701892	0.0
C	2.5	6.06217782649	0.0
C	1.5	4.33012701892	1.0
C	2.5	4.33012701892	1.0
C	2.5	6.06217782649	1.0
C	1.5	4.33012701892	2.0
C	2.5	4.33012701892	2.0
C	2.5	6.06217782649	2.0
C	1.5	4.33012701892	3.0
C	2.5	4.33012701892	3.0
C	2.5	6.06217782649	3.0
C	1.5	6.06217782649	0.0
C	2.5	6.06217782649	0.0
C	2.5	7.79422863406	0.0
C	1.5	6.06217782649	1.0
C	2.5	6.06217782649	1.0
C	2.5	7.79422863406	1.0
C	1.5	6.06217782649	2.0
C	2.5	6.06217782649	2.0
C	2.5	7.79422863406	2.0
C	1.5	6.06217782649	3.0
C	2.5	6.06217782649	3.0
C	2.5	7.79422863406	3.0
C	3.0	1.73205080757	0.0
C	4.0	1.73205080757	0.0
C	4.0	3.46410161514	0.0
C	3.0	1.73205080757	1.0
C	4.0	1.73205080757	1.0
C	4.0	3.46410161514	1.0
C	3.0	1.73205080757	2.0
C	4.0	1.73205080757	2.0
C	4.0	3.46410161514	2.0
C	3.0	1.73205080757	3.0
C	4.0	1.73205080757	3.0
C	4.0	3.46410161514	3.0
C	3.0	3.46410161514	0.0
C	4.0	3.46410161514	0.0
C	4.0	5.19615242271	0.0
C	3.0	3.46410161514	1.0
C	4.0	3.46410161514	1.0
C	4.0	5.19615242271	1.0
C	3.0	3.46410161514	2.0
C	4.0	3.46410161514	2.0
C	4.0	5.19615242271	2.0
C	3.0	3.46410161514	3.0
C	4.0	3.46410161514	3.0
C	4.0	5.19615242271	3.0
C	3.0	5.19615242271	0.0
C	4.0	5.19615242271	0.0
C	4.0	6.92820323028	0.0
C	3.0	5.19615242271	1.0
C	4.0	5.19615242271	1.0
C	4.0	6.92820323028	1.0
C	3.0	5.19615242271	2.0
C	4.0	5.19615242271	2.0
C	4.0	6.92820323028	2.0
C	3.0	5.19615242271	3.0
C	4.0	5.19615242271	3.0
C	4.0	6.92820323028	3.0
C	3.0	6.92820323028	0.0
C	4.0	6.92820323028	0.0
C	4.0	8.66025403784	0.0
C	3.0	6.92820323028	1.0
C	4.0	6.92820323028	1.0
C	4.0	8.66025403784	1.0
C	3.0	6.92820323028	2.0
C	4.0	6.92820323028	2.0
C	4.0	8.66025403784	2.0
C	3.0	6.92820323028	3.0
C	4.0	6.92820323028	3.0
C	4.0	8.66025403784	3.0
C	4.5	2.59807621135	0.0
C	5.5	2.59807621135	0.0
C	5.5	4.33012701892	0.0
C	4.5	2.59807621135	1.0
C	5.5	2.59807621135	1.0
C	5.5	4.33012701892	1.0
C	4.5	2.59807621135	2.0
C	5.5	2.59807621135	2.0
C	5.5	4.33012701892	2.0
C	4.5	2.59807621135	3.0
C	5.5	2.59807621135	3.0
C	5.5	4.33012701892	3.0
C	4.5	4.33012701892	0.0
C	5.5	4.33012701892	0.0
C	5.5	6.06217782649	0.0
C	4.5	4.33012701892	1.0
C	5.5	4.33012701892	1.0
C	5.5	6.06217782649	1.0
C	4.5	4.33012701892	2.0
C	5.5	4.33012701892	2.0
C	5.5	6.06217782649	2.0
C	4.5	4.33012701892	3.0
C	5.5	4.33012701892	3.0
C	5.5	6.06217782649	3.0
C	4.5	6.06217782649	0.0
C	5.5	6.06217782649	0.0
C	5.5	7.79422863406	0.0
C	4.5	6.06217782649	1.0
C	5.5	6.06217782649	1.0
C	5.5	7.79422863406	1.0
C	4.5	6.06217782649	2.0
C	5.5	6.06217782649	2.0
C	5.5	7.79422863406	2.0
C	4.5	6.06217782649	3.0
C	5.5	6.06217782649	3.0
C	5.5	7.79422863406	3.0
C	4.5	7.79422863406	0.0
C	5.5	7.79422863406	0.0
C	5.5	9.52627944163	0.0
C	4.5	7.79422863406	1.0
C	5.5	7.79422863406	1.0
C	5.5	9.52627944163	1.0
C	4.5	7.79422863406	2.0
C	5.5	7.79422863406	2.0
C	5.5	9.52627944163	2.0
C	4.5	7.79422863406	3.0
C	5.5	7.79422863406	3.0
C	5.5	9.52627944163	3.0
